6657
6661
9226
9232
2579
9238
1559
1564
6173
4641
9762
7204
4150
9783
1079
6712
6203
1601
5700
8263
8777
9806
4176
3667
8279
5211
6748
3679
7776
4705
7270
8297
6263
7800
5243
4220
7295
4736
1668
4747
2193
9364
9878
6806
3230
5792
3238
2215
9388
1711
6320
5810
6328
1724
4800
7363
8388
8903
2254
4303
4307
3286
7895
6875
7903
4320
8420
5352
2290
5875
3833
6398
5378
9475
8964
7952
7448
3865
1820
8477
7970
1318
9512
7467
4404
9529
7998
9536
5954
7494
6982
2895
5464
8543
9059
8035
3941
3948
8560
9074
3442
2419
9586
5494
4983
3960
4472
3961
3451
8572
2428
7036
6011
7040
6530
6547
9114
5019
1947
2461
1438
5026
1954
9131
5550
5556
8631
3511
5052
7102
2495
6596
4549
7620
8134
7624
7627
6603
7123
7130
6107
7134
4574
3039
4065
7140
7141
2537
2556
6143
